name: blast
channels:
  - nodefaults
  - conda-forge
  - bioconda
dependencies:
  - python=3.12.11=h1683364_0_cpython
  - blast=2.16.0=h6a93c2d_5
  - entrez-direct=22.4=h8865c2f_0
  - ncbi-vdb=3.2.1=h163da20_0
  - rpsbproc=0.5.0=h7645e38_3
  - _openmp_mutex=4.5=2_gnu
  - bzip2=1.0.8=h68df207_7
  - c-ares=1.34.5=h86ecc28_0
  - ca-certificates=2025.7.14=hbd8a1cb_0
  - curl=8.14.1=h6702fde_0
  - keyutils=1.6.1=h4e544f5_0
  - krb5=1.21.3=h50a48e9_0
  - ld_impl_linux-aarch64=2.44=h5e2c951_1
  - libasprintf=0.25.1=h5e0f5ae_0
  - libcurl=8.14.1=h6702fde_0
  - libedit=3.1.20250104=pl5321h976ea20_0
  - libev=4.33=h31becfc_2
  - libexpat=2.7.1=hfae3067_0
  - libffi=3.4.6=he21f813_1
  - libgcc=15.1.0=he277a41_3
  - libgcc-ng=15.1.0=he9431aa_3
  - libgettextpo=0.25.1=h5ad3122_0
  - libgomp=15.1.0=he277a41_3
  - libidn2=2.3.8=h53e0a65_0
  - liblzma=5.8.1=h86ecc28_2
  - libnghttp2=1.64.0=hc8609a4_0
  - libnsl=2.0.1=h86ecc28_1
  - libsqlite=3.50.3=h022381a_1
  - libssh2=1.11.1=h18c354c_0
  - libstdcxx=15.1.0=h3f4de04_3
  - libstdcxx-ng=15.1.0=hf1166c9_3
  - libunistring=0.9.10=hf897c2e_0
  - libuuid=2.38.1=hb4cce97_0
  - libxcrypt=4.4.36=h31becfc_1
  - libzlib=1.3.1=h86ecc28_2
  - ncurses=6.5=ha32ae93_3
  - openssl=3.5.1=hd08dc88_0
  - perl=5.32.1=7_h31becfc_perl5
  - perl-archive-tar=3.04=pl5321hdfd78af_0
  - perl-carp=1.50=pl5321hd8ed1ab_0
  - perl-common-sense=3.75=pl5321hd8ed1ab_0
  - perl-compress-raw-bzip2=2.201=pl5321h615827e_1
  - perl-compress-raw-zlib=2.202=pl5321hc4a20ef_0
  - perl-encode=3.21=pl5321h86ecc28_1
  - perl-exporter=5.74=pl5321hd8ed1ab_0
  - perl-exporter-tiny=1.002002=pl5321hd8ed1ab_0
  - perl-extutils-makemaker=7.70=pl5321hd8ed1ab_0
  - perl-io-compress=2.201=pl5321h80f0ee0_5
  - perl-io-zlib=1.15=pl5321hdfd78af_1
  - perl-json=4.10=pl5321hdfd78af_1
  - perl-json-xs=4.03=pl5321h163da20_4
  - perl-list-moreutils=0.430=pl5321hdfd78af_0
  - perl-list-moreutils-xs=0.430=pl5321h661a7b0_5
  - perl-parent=0.243=pl5321hd8ed1ab_0
  - perl-pathtools=3.75=pl5321h86ecc28_2
  - perl-scalar-list-utils=1.69=pl5321h86ecc28_0
  - perl-storable=3.15=pl5321h86ecc28_2
  - perl-types-serialiser=1.01=pl5321hdfd78af_0
  - pip=25.1.1=pyh8b19718_0
  - readline=8.2=h8382b9d_2
  - setuptools=80.9.0=pyhff2d567_0
  - tk=8.6.13=noxft_h5688188_102
  - tzdata=2025b=h78e105d_0
  - wget=1.21.4=h3861a24_0
  - wheel=0.45.1=pyhd8ed1ab_1
  - zlib=1.3.1=h86ecc28_2
  - zstd=1.5.7=hbcf94c1_2 